8.40
8.42
8.42
8.43
8.42
8.46
8.35
8.43
8.46
8.41
8.44
8.44
8.41
8.40
8.43
8.39
8.42
8.42
8.41
8.37
8.33
8.45
8.35
8.31
8.47
8.37
8.48
8.39
8.55
8.41
8.44
10.64
8.66
8.52
5.99
7.84
7.89
8.27
9.54
8.30
8.71
7.71
9.17
7.07
8.64
8.45
8.27
8.40
8.38
7.58
8.85
8.27
8.32
8.40
9.41
8.21
8.46
8.20
8.31
8.42
8.50
9.39
8.42
7.44
8.33
8.42
8.59
8.75
8.97
7.04
8.62
8.37
8.42
8.50
8.71
8.43
8.26
8.29
8.36
8.38
8.48
8.91
7.98
8.16
8.46
8.31
7.97
8.44
7.35
7.89
9.18
8.46
8.43
8.35
7.87
7.26
8.51
7.88
8.35
8.37
9.59
8.25
5.91
8.45
8.42
8.44
8.18
8.42
8.41
8.34
7.33
8.20
9.14
8.50
8.49
8.41
11.81
8.27
8.48
8.44
8.84
8.88
8.33
9.17
8.25
8.53
7.99
8.62
8.12
8.36
8.43
8.50
8.32
9.10
8.17
7.72
8.28
8.41
8.33
7.90
8.28
8.30
8.37
8.64
7.85
8.09
8.35
8.34
8.45
9.36
8.33
8.86
7.59
8.34
6.70
8.47
8.33
8.37
8.41
10.04
8.40
8.40
8.97
9.70
8.35
8.72
8.64
8.37
8.34
8.40
8.42
8.84
8.31
9.28
8.35
7.68
8.37
8.41
6.95
8.51
8.35
8.44
8.95
8.74
8.37
7.85
7.96
8.43
8.36
8.35
7.67
8.34
8.36
8.39
8.36
8.90
8.36
8.58
8.67
8.41
8.50
11.86
8.22
8.51
8.35
9.15
8.50
8.38
8.39
8.38
10.21
8.34
8.37
8.46
8.44
9.86
8.29
8.36
7.83
8.42
8.37
8.41
8.75
8.48
8.49
8.35
7.44
8.51
8.38
8.46
8.48
9.34
8.13
8.38
8.35
8.46
8.29
8.03
8.41
9.03
8.19
8.45
8.52
7.97
8.38
8.33
8.50
8.49
8.33
8.43
6.86
8.49
9.06
8.45
8.47
8.42
8.35
7.92
8.17
8.36
8.46
7.33
8.40
8.40
8.43
8.41
8.39
8.48
8.47
9.04
8.49
8.37
7.70
8.56
7.00
8.13
8.39
8.43
8.44
8.49
9.22
8.58
8.42
8.47
10.86
8.22
8.40
8.43
8.34
8.96
8.50
8.75
8.47
8.36
8.95
8.44
8.35
9.15
8.39
8.41
8.40
8.62
8.37
8.37
8.32
6.42
8.52
8.36
8.33
8.38
8.41
8.41
8.44
8.34
8.42
8.44
8.44
8.32
8.43
8.47
8.44
8.40
7.51
8.36
8.36
9.24
8.95
8.14
7.54
8.24
8.83
7.12
8.58
9.08
9.17
8.02
8.46
7.35
10.58
8.48
8.34
8.42
8.29
8.34
8.37
7.98
8.14
8.35
6.80
8.05
8.42
8.45
8.31
8.37
9.87
8.42
8.88
8.52
8.42
8.36
8.20
8.31
7.78
8.45
8.35
8.23
8.83
8.49
8.44
8.41
8.37
8.46
8.35
8.42
8.38
8.29
8.38
8.45
8.56
8.44
8.35
8.43
8.63
8.49
8.44
8.38
9.10
8.22
8.37
8.24
8.28
8.35
8.45
8.27
5.13
8.53
14.56
7.86
8.33
8.33
8.31
8.73
8.66
8.28
8.34
8.47
8.47
8.43
8.26
8.64
8.37
8.15
7.98
7.89
8.34
8.22
8.41
8.42
8.40
8.41
11.78
8.76
8.38
8.42
11.49
8.23
8.34
8.42
8.41
8.48
8.43
8.44
7.06
8.54
8.73
8.54
8.38
8.43
8.47
8.42
8.44
8.36
8.43
8.31
8.45
7.82
8.50
8.42
8.42
8.43
8.48
8.42
8.51
8.38
8.41
8.29
9.03
8.27
9.00
8.30
8.35
8.36
8.39
8.43
9.09
7.86
7.89
8.37
8.21
8.90
8.37
9.31
7.57
8.52
8.44
8.37
8.43
8.41
8.41
8.41
8.39
7.94
7.08
8.28
8.37
7.74
7.37
8.20
8.39
8.36
11.14
8.53
8.43
8.32
8.31
8.36
8.43
8.39
8.74
7.65
8.38
8.39
8.87
7.54
8.42
8.36
9.17
5.93
8.35
8.51
8.41
8.34
8.40
8.46
8.39
9.36
8.75
8.34
8.39
8.88
8.86
11.24
8.46
8.90
11.50
9.25
8.42
8.48
8.34
8.36
8.45
8.44
8.48
8.76
7.22
8.62
8.87
7.89
8.55
8.25
8.65
7.79
7.79
8.23
8.48
8.40
8.44
8.35
8.36
7.94
8.24
8.43
9.27
8.44
9.93
8.54
8.24
7.92
9.68
8.44
8.31
8.36
8.49
8.44
8.37
8.39
8.47
8.38
8.40
8.44
8.49
8.52
8.36
8.41
8.38
8.39
8.37
8.31
8.44
8.36
8.34
8.46
8.38
8.41
8.43
8.48
8.40
8.12
8.43
8.38
8.34
8.41
8.42
8.40
8.41
8.46
8.38
8.38
8.43
8.30
8.44
7.28
8.63
8.47
8.39
8.42
8.36
8.73
8.42
8.83
8.37
8.24
8.50
8.43
8.45
8.39
8.42
8.43
7.25
8.75
8.01
8.43
8.40
9.62
8.60
8.42
8.43
8.44
8.49
8.36
8.48
8.16
7.72
8.97
8.15
8.32
6.97
8.04
8.09
7.50
8.63
7.42
8.19
8.36
8.37
8.38
8.30
8.45
8.38
8.30
8.04
5.53
8.16
8.02
7.63
8.39
8.37
8.34
8.35
8.47
8.40
8.46
8.49
8.36
8.42
8.36
8.36
8.41
8.42
8.82
8.44
8.41
8.41
8.40
8.38
8.54
8.40
8.43
8.38
8.47
8.42
8.41
8.28
8.31
8.35
8.37
8.44
8.44
8.39
8.34
8.37
8.38
8.37
9.45
9.62
4.12
7.64
7.70
8.25
4.50
8.03
8.46
8.38
8.36
8.42
8.43
8.47
8.29
8.40
8.40
8.37
8.41
8.48
8.30
8.77
8.37
8.47
8.41
8.32
8.46
8.42
8.38
8.40
8.40
8.39
8.37
8.42
8.36
8.37
8.41
8.38
8.37
8.31
6.99
8.62
8.36
8.38
8.31
8.38
8.50
8.30
8.39
8.31
8.44
8.44
8.37
8.45
13.17
8.27
8.44
8.27
8.44
8.36
8.41
8.44
8.53
8.38
8.36
8.41
8.38
8.32
8.38
8.41
8.41
6.65
8.25
8.36
8.34
8.41
8.43
8.37
8.33
8.36
8.44
8.42
8.44
8.43
8.42
1.37
9.09
8.46
8.46
8.40
8.46
8.38
8.42
8.46
8.40
8.35
8.38
8.38
8.44
8.45
10.03
8.30
8.42
8.32
8.38
8.38
8.32
8.45
8.53
8.42
8.33
8.30
8.39
8.48
8.46
8.47
8.37
10.63
8.19
8.45
8.36
8.33
8.33
8.44
8.41
8.39
8.44
8.34
8.47
8.44
8.38
16.02
7.95
8.30
8.34
8.38
8.41
8.54
8.49
8.47
8.33
8.32
8.35
8.40
8.34
8.45
8.38
8.45
8.35
8.25
7.68
8.90
8.32
8.46
8.41
8.37
8.33
8.49
8.40
8.38
8.52
8.38
8.45
8.40
8.46
8.79
8.36
8.46
8.35
8.37
8.40
8.43
8.45
8.38
8.38
8.35
8.40
1.61
8.96
8.46
8.44
8.33
8.43
8.45
8.44
8.43
8.40
8.46
8.44
8.42
8.50
8.35
8.40
8.36
8.51
8.32
8.36
8.37
8.47
8.40
8.41
8.33
8.35
8.41
8.45
8.44
8.38
9.25
8.40
8.49
8.43
8.33
8.41
8.33
8.45
8.40
8.44
8.40
8.54
7.91
8.29
8.40
8.35
8.42
8.51
8.34
8.33
8.49
8.39
8.46
8.50
8.69
8.36
4.72
8.43
8.41
8.44
8.49
8.43
8.47
8.36
8.38
8.33
8.39
9.30
7.70
8.39
8.51
8.48
8.38
8.44
8.39
8.40
8.43
8.44
8.47
5.90
8.30
8.35
8.40
8.44
8.45
8.34
8.40
8.39
8.36
8.39
8.47
8.38
8.39
7.93
8.60
8.42
8.33
8.36
8.48
8.44
8.36
8.42
8.33
8.41
8.41
8.50
9.23
7.44
8.66
10.42
8.28
8.38
8.37
8.41
8.39
8.42
8.35
8.40
8.35
8.33
8.41
8.44
8.38
8.41
9.52
11.42
7.24
8.29
8.43
8.32
8.36
8.38
8.42
8.38
8.38
8.40
8.43
8.37
8.43
8.41
8.51
8.52
9.33
3.52
8.78
8.37
8.41
8.41
8.49
8.44
8.42
8.42
8.46
8.44
8.36
8.42
8.74
8.44
9.08
9.36
8.58
8.36
8.41
8.36
8.38
8.36
8.41
8.43
8.46
8.32
8.32
8.36
8.37
8.63
8.75
10.23
8.39
8.39
8.37
8.46
8.39
8.39
8.32
8.42
8.37
8.41
8.45
8.40
8.44
8.34
8.35
8.38
8.37
8.39
8.37
8.37
9.07
13.67
8.34
8.43
8.43
8.35
8.38
8.35
8.39
8.44
8.36
8.46
8.39
8.40
8.36
9.10
7.46
8.48
8.37
8.46
8.38
8.39
8.35
8.36
8.39
8.13
13.82
8.14
8.40
8.36
8.44
8.44
9.52
3.75
8.64
8.32
8.44
8.39
8.42
8.37
8.75
7.88
8.34
8.43
8.43
8.47
8.43
8.47
8.40
8.42
8.05
13.45
8.02
8.40
8.51
8.42
8.42
8.38
8.48
8.47
9.10
12.93
8.14
8.43
8.37
8.40
8.39
8.35
8.40
8.39
8.40
8.39
8.38
8.41
8.42
8.36
8.38
8.31
8.39
8.40
8.48
8.39
8.46
8.36
8.48
8.48
8.38
8.38
8.43
8.32
8.36
8.39
8.39
8.37
8.41
8.38
8.38
8.38
8.41
8.42
8.42
8.36
12.60
8.30
8.39
8.34
8.46
8.41
8.39
8.47
8.45
6.44
8.53
8.38
8.45
8.35
8.48
8.41
8.59
7.41
8.58
8.38
8.49
8.39
8.47
8.43
8.49
8.41
8.42
8.42
8.39
8.38
8.41
8.45
8.51
15.21
7.98
8.45
8.39
8.49
8.45
8.39
8.30
8.34
8.40
8.42
8.86
1.02
9.05
8.41
8.45
8.34
8.38
8.37
8.42
8.48
8.43
8.29
8.46
8.31
8.40
8.38
8.46
8.25
8.53
8.64
8.19
9.13
8.39
7.92
9.12
8.29
7.70
8.44
8.28
8.11
8.34
7.76
9.13
8.33
8.68
8.45
6.64
7.48
7.48
8.40
8.12
8.35
8.45
8.09
8.36
8.13
8.38
8.59
8.51
8.45
8.59
8.79
8.08
8.61
8.10
7.26
9.57
7.83
7.86
8.34
8.07
8.29
8.39
8.15
8.63
8.97
7.88
8.59
7.15
8.63
10.47
7.82
7.33
8.86
6.70
7.96
7.42
8.78
7.99
8.31
8.24
8.71
7.67
8.55
9.46
8.51
7.63
8.49
8.29
8.82
7.11
8.05
8.78
8.32
8.36
8.43
8.32
8.37
8.47
8.33
8.45
8.42
8.44
8.42
8.46
8.36
8.35
8.44
8.32
8.40
8.39
8.47
8.40
8.15
8.33
8.11
8.20
8.78
8.31
9.58
8.58
8.36
8.43
10.23
8.50
8.45
8.38
8.33
8.09
8.36
8.29
6.67
8.57
7.66
8.34
7.85
8.71
8.46
8.45
12.28
8.49
8.40
8.39
10.61
8.37
8.43
8.43
8.34
4.86
8.59
8.46
8.38
8.45
8.34
8.42
8.39
8.41
8.40
8.41
8.42
8.45
8.40
8.45
7.17
7.87
8.45
8.38
8.47
8.38
8.34
8.39
8.33
8.46
8.42
8.49
8.39
8.41
11.24
8.16
8.41
8.38
8.45
8.38
8.36
8.49
8.37
8.41
8.37
8.48
8.39
8.42
8.42
8.40
8.35
8.41
10.72
7.73
8.48
8.41
8.41
8.43
8.28
8.43
8.40
8.39
8.34
8.36
8.41
8.32
8.48
8.36
8.39
8.37
8.37
4.33
8.80
8.41
8.36
8.37
8.43
8.42
8.37
8.39
8.38
8.50
8.46
8.45
8.41
8.40
10.06
8.60
8.25
8.36
8.49
8.46
8.43
8.39
8.41
8.50
8.44
8.47
8.36
8.38
8.42
8.35
8.30
8.43
8.38
14.08
8.17
8.47
8.41
8.36
8.59
8.42
8.34
8.40
8.39
8.45
8.35
8.36
8.31
8.38
8.35
8.35
8.41
8.43
8.39
8.44
8.36
8.47
9.77
4.84
8.53
8.44
8.35
8.37
8.43
8.45
8.39
8.43
8.37
5.74
10.52
8.20
8.47
8.46
8.41
8.31
8.44
8.36
8.39
8.36
9.87
8.32
8.41
8.39
8.41
8.29
8.49
8.44
8.38
8.40
8.35
8.37
6.48
8.35
7.67
8.40
8.37
8.41
8.42
8.45
8.36
8.39
8.48
8.41
8.38
8.40
8.41
8.42
8.34
8.48
8.56
6.69
8.35
8.45
8.43
8.44
8.45
8.46
8.45
8.47
9.03
8.53
8.14
8.38
8.32
8.46
8.44
8.35
8.36
8.41
8.26
8.23
10.47
8.29
8.41
8.44
8.38
8.48
8.47
8.43
8.37
8.41
9.36
14.82
7.73
8.37
8.37
8.48
8.29
8.38
8.38
8.37
8.44
8.42
8.39
8.40
8.43
8.41
8.42
8.39
8.37
8.47
8.39
8.35
8.35
8.38
8.44
8.37
9.75
8.32
8.48
8.48
8.40
8.35
8.41
8.47
8.38
8.36
8.43
8.52
8.37
8.75
7.53
8.55
8.39
8.40
8.44
8.32
8.46
8.42
8.34
8.34
8.40
8.38
8.76
4.86
8.12
8.41
8.43
8.37
8.39
8.40
8.41
8.38
8.43
8.38
8.12
6.55
8.67
8.40
8.40
8.47
8.38
8.28
8.50
9.14
7.63
8.52
10.20
6.96
9.26
8.74
8.75
8.49
8.42
8.46
8.38
8.35
8.47
8.51
8.48
8.38
8.38
8.36
8.06
9.32
9.20
7.55
6.78
7.15
8.15
8.31
8.50
8.38
8.48
8.41
8.39
8.41
8.42
8.33
8.38
8.48
8.42
8.41
8.42
7.82
8.62
7.03
9.47
8.93
8.88
9.21
10.13
8.22
8.39
8.39
8.43
8.32
8.36
8.48
8.37
8.39
8.46
8.37
8.28
8.63
8.36
8.14
8.39
10.15
8.95
9.06
8.42
8.44
8.39
8.23
8.45
8.37
8.34
8.42
8.32
8.41
8.42
8.46
8.44
8.44
8.39
8.46
8.49
8.30
8.47
8.39
8.37
8.37
8.44
8.44
8.42
8.38
8.43
9.18
8.53
8.43
8.46
8.46
8.35
8.39
9.22
8.31
8.41
7.30
8.03
8.43
8.37
12.22
8.12
8.44
8.41
8.48
8.38
8.40
8.36
8.37
8.42
8.46
8.11
7.12
5.75
8.49
11.39
8.56
8.36
8.42
8.40
8.48
8.39
8.40
8.35
8.38
8.48
8.37
8.56
9.11
8.12
9.27
8.19
5.81
7.08
10.36
9.28
8.63
8.30
8.47
8.43
8.35
8.36
8.38
8.42
8.62
8.37
8.38
8.39
8.41
8.85
8.34
8.54
8.96
8.32
10.79
7.24
10.24
8.79
8.26
8.35
8.45
8.42
8.38
8.40
8.34
8.37
8.38
8.39
8.40
8.37
8.44
8.38
8.40
7.96
8.75
7.69
7.07
7.39
7.67
9.48
8.42
8.45
8.45
8.34
8.27
8.43
8.38
8.33
8.35
8.45
8.40
8.40
8.45
9.03
8.40
9.44
7.42
7.16
10.78
9.63
11.03
9.17
8.31
8.48
8.40
8.51
8.43
8.36
8.34
8.43
8.42
8.44
8.36
8.43
8.45
8.46
8.40
8.41
8.35
8.37
8.43
8.45
8.38
8.37
8.37
8.43
8.40
8.39
8.47
8.36
8.47
8.43
8.34
8.42
8.48
8.41
8.30
8.47
8.35
8.46
9.37
9.76
9.99
6.93
12.26
8.60
8.46
7.85
7.77
8.69
8.58
11.33
8.42
8.31
8.34
8.41
8.43
8.40
8.33
8.36
8.50
8.43
8.51
8.43
8.43
8.38
8.43
8.46
8.46
8.40
8.40
8.44
8.37
8.47
8.43
8.38
8.41
8.52
10.02
9.06
6.94
7.79
8.79
7.81
6.47
8.32
8.27
8.42
8.41
8.36
8.44
8.39
8.32
8.49
8.40
8.48
8.35
8.46
8.41
8.40
8.46
8.40
8.32
8.44
8.40
8.42
8.36
8.48
8.44
8.34
8.77
8.24
10.17
8.98
8.51
8.43
8.51
8.17
10.95
8.61
8.43
11.24
8.56
8.32
8.47
8.39
6.44
8.40
5.83
8.54
9.12
8.09
8.26
10.14
8.35
9.65
8.36
9.42
8.33
6.74
8.57
8.40
8.51
8.68
9.43
8.34
8.46
8.46
8.37
8.72
8.34
8.49
9.98
6.37
8.33
8.40
8.36
8.32
7.46
7.96
8.34
9.20
8.77
8.27
8.37
8.26
8.24
8.08
8.40
8.42
8.50
8.42
8.42
8.54
8.25
8.43
8.37
8.37
8.49
8.40
8.39
8.38
8.40
8.39
8.36
8.40
8.39
8.40
8.36
8.40
8.30
8.40
8.40
8.43
8.37
8.41
8.35
8.43
8.46
8.46
8.39
8.37
8.35
8.69
7.73
8.63
8.01
7.23
7.69
7.42
6.72
7.86
7.46
8.35
9.67
8.33
6.75
8.54
7.28
8.25
8.87
9.32
8.54
8.56
8.20
8.40
8.07
7.11
8.37
8.44
7.86
8.26
9.60
8.11
8.52
8.48
7.95
8.33
8.44
8.45
8.48
7.36
6.13
8.60
9.19
9.16
8.90
9.20
8.37
8.39
8.42
8.36
8.38
8.41
8.31
8.17
8.56
8.32
8.37
8.30
8.40
8.38
8.35
8.41
1.73
8.86
8.30
8.44
8.38
8.44
8.47
8.41
8.44
8.41
8.38
8.36
8.41
6.26
9.57
8.38
8.46
8.39
8.42
8.48
8.41
8.42
8.33
12.40
8.26
8.45
8.45
8.41
8.35
8.38
8.40
8.37
8.32
8.43
8.28
8.37
8.25
8.33
8.48
8.41
8.37
8.46
8.41
8.41
8.42
8.28
8.27
8.36
8.30
8.35
8.51
8.43
8.40
8.41
8.42
8.40
8.37
6.07
7.54
8.43
8.35
8.44
8.40
8.34
8.41
8.44
8.42
8.42
10.10
8.36
8.36
8.49
8.42
8.43
8.46
8.41
10.26
8.59
8.44
8.41
8.48
8.40
8.45
8.44
9.25
8.44
8.41
8.39
8.42
8.35
8.41
9.71
8.28
8.40
8.33
8.41
8.45
7.44
8.65
8.45
8.45
8.39
8.46
4.04
8.60
8.39
8.38
8.37
8.39
15.87
8.41
8.38
8.35
8.36
8.39
8.39
8.46
8.46
8.32
8.43
8.39
8.42
8.37
8.47
8.43
8.44
8.37
8.37
8.40
8.40
8.44
8.36
8.43
8.43
8.47
8.39
8.37
8.41
8.42
8.37
8.44
8.43
8.43
8.36
8.38
6.35
7.43
8.47
8.81
7.55
8.84
7.01
8.66
7.03
8.34
8.39
8.40
8.38
8.33
8.44
8.47
8.43
8.47
8.53
8.51
8.44
8.41
8.80
9.54
6.96
8.22
8.37
8.09
8.49
8.37
8.36
8.36
8.46
8.41
8.35
8.40
8.47
8.36
8.37
8.37
8.42
8.40
8.41
8.29
8.37
8.34
8.48
8.40
8.40
8.43
8.43
8.46
8.23
8.36
7.00
8.45
8.41
8.44
8.37
8.44
8.40
8.45
8.31
8.42
11.81
8.23
8.43
8.43
8.42
8.39
8.37
8.39
8.44
8.41
8.42
8.35
8.39
8.39
8.44
8.52
8.33
8.50
8.42
8.43
8.45
8.31
8.40
8.41
8.36
8.36
8.42
8.43
8.40
8.35
8.42
8.33
8.38
8.43
7.52
8.44
10.90
8.28
8.48
8.32
8.34
8.39
8.39
8.41
8.44
9.23
8.47
8.86
8.40
8.40
8.39
8.44
8.45
8.45
8.36
8.37
9.23
8.36
8.38
8.38
8.38
8.39
8.40
8.49
8.33
8.38
8.35
8.50
8.34
8.44
8.40
8.43
8.39
8.79
8.55
8.37
8.38
8.49
8.16
8.61
8.27
8.27
8.34
10.09
8.72
8.31
7.41
7.94
8.87
8.79
8.47
8.23
8.51
8.40
8.43
8.94
8.33
8.40
7.57
8.43
8.47
8.11
8.44
8.67
8.40
8.37
8.39
8.40
8.79
8.39
8.45
8.35
8.49
8.43
8.41
7.35
8.34
8.35
8.45
8.44
8.07
8.37
8.31
8.42
8.73
8.48
8.48
8.48
8.18
8.68
8.40
8.45
8.35
8.90
8.46
9.01
8.16
8.65
8.31
8.44
8.60
8.83
8.51
8.25
8.78
7.86
8.33
8.40
8.33
7.90
8.39
8.39
8.47
8.31
8.46
8.40
8.41
8.43
8.39
8.31
8.32
8.40
8.46
8.50
8.34
8.41
8.39
8.38
8.43
8.50
8.41
8.44
8.38
8.46
8.40
8.33
8.34
8.43
8.40
8.32
8.46
8.10
8.34
8.42
8.42
8.37
8.36
8.33
8.25
8.48
8.22
8.60
8.39
7.56
8.32
8.48
8.47
8.40
8.46
8.43
8.43
8.42
8.35
8.46
8.44
8.38
8.39
8.44
8.48
9.87
8.33
8.39
8.36
8.39
8.51
8.32
8.40
8.35
8.46
8.46
8.43
8.46
8.35
6.99
8.50
8.35
8.39
8.51
8.37
8.44
8.43
8.42
8.12
8.32
8.47
8.38
8.37
8.33
8.48
8.41
8.48
8.37
8.50
6.66
8.50
8.38
8.45
8.42
8.43
8.39
8.39
14.52
7.68
8.30
8.38
8.43
8.42
8.40
8.39
8.41
8.45
8.41
8.49
8.46
8.44
8.32
8.42
8.30
8.38
8.39
8.41
8.41
8.28
8.34
10.21
8.10
8.41
8.37
8.42
8.34
8.37
8.40
8.41
8.36
8.39
8.35
8.36
8.40
8.02
8.74
8.38
8.46
8.41
8.35
8.36
8.39
8.32
8.39
8.40
8.41
8.63
8.43
8.43
8.39
8.32
8.37
8.41
8.43
13.45
8.37
8.41
8.44
8.44
8.37
8.30
8.32
8.35
9.84
8.67
8.30
8.34
8.43
8.41
8.38
8.41
8.58
6.52
8.45
8.38
8.44
8.36
8.42
8.39
8.43
8.37
8.41
8.43
8.64
8.46
8.32
8.35
8.43
8.52
8.49
8.29
8.39
8.36
6.87
8.97
8.46
8.41
8.43
8.39
8.45
8.41
8.39
3.13
8.74
8.52
8.47
8.46
8.41
8.29
8.44
8.47
8.38
12.48
8.64
8.45
8.46
8.39
8.36
8.47
8.41
8.49
8.39
8.38
8.31
8.47
7.20
8.49
8.36
8.47
8.44
8.40
8.43
8.40
8.36
13.09
8.44
8.45
8.35
8.50
8.36
8.43
8.40
8.43
8.46
8.39
8.19
8.14
8.38
8.30
8.35
8.39
8.40
8.35
8.11
8.17
8.45
8.44
8.36
8.39
8.30
8.41
8.40
8.39
8.42
8.44
8.26
7.94
8.60
8.44
8.45
8.40
8.51
8.33
8.46
8.28
8.38
14.54
8.55
8.33
8.46
8.46
8.43
8.41
8.38
8.48
8.48
8.37
6.92
8.50
8.41
8.45
8.48
8.41
8.45
8.47
8.34
5.74
8.63
8.32
8.48
8.45
8.41
8.49
12.91
8.25
8.27
8.28
8.51
10.97
8.28
8.35
8.33
8.11
8.44
8.36
9.11
8.33
8.50
9.44
8.36
8.43
8.82
8.49
8.31
7.67
8.44
8.44
8.92
8.45
8.18
8.09
8.43
11.19
8.29
8.39
9.17
8.27
7.84
8.77
8.38
9.39
8.26
8.37
7.78
8.39
11.28
8.20
8.40
9.49
8.29
7.58
8.69
8.48
7.96
8.29
8.32
9.42
8.40
8.38
8.35
8.37
8.42
8.41
8.43
8.37
8.41
8.44
8.40
8.30
8.47
8.45
8.32
8.36
8.46
8.33
8.38
8.38
8.40
8.45
8.30
8.38
8.44
8.41
8.47
8.44
8.36
8.40
8.44
8.50
8.36
8.38
8.41
8.40
8.37
8.39
8.40
8.43
8.47
8.51
8.52
8.46
8.28
8.45
8.42
8.38
8.46
8.17
8.26
8.34
8.75
8.41
8.40
9.80
8.28
8.44
8.46
8.37
7.75
8.40
8.43
8.46
7.25
9.10
8.41
8.42
8.40
8.48
8.49
8.48
8.44
8.34
8.42
8.46
8.40
8.44
8.33
8.43
8.41
8.39
8.42
8.46
8.48
8.40
6.54
8.51
8.35
7.87
8.99
8.31
8.41
3.46
8.33
8.47
8.35
8.18
8.40
8.26
8.20
8.75
8.33
8.40
8.44
8.39
8.41
8.41
8.38
8.41
8.39
7.56
8.30
8.48
5.24
8.76
8.46
8.40
8.38
8.35
8.33
8.42
8.38
8.35
8.44
8.48
8.38
8.43
8.44
8.41
7.35
6.03
8.24
8.43
15.48
8.20
8.38
8.61
8.34
8.37
8.45
8.47
8.45
8.38
8.34
8.44
8.38
8.41
8.47
8.34
8.35
8.36
8.42
8.42
8.36
8.41
8.38
8.44
8.38
8.42
8.35
8.41
8.43
8.34
8.45
8.44
8.44
8.42
8.47
8.35
8.39
8.37
8.46
8.31
8.48
8.41
8.43
8.46
8.42
8.34
8.45
8.39
8.35
8.41
8.40
8.43
8.41
8.42
8.36
8.36
8.36
8.47
8.43
8.43
8.39
8.35
8.40
8.39
8.39
8.39
8.50
8.29
8.34
8.46
8.43
7.17
8.31
8.42
8.35
8.39
8.40
8.41
8.35
8.42
8.44
8.53
8.53
8.40
8.37
8.39
8.39
8.44
8.45
8.34
8.45
8.48
8.37
8.38
8.39
8.35
8.39
8.39
8.38
8.44
8.36
8.42
8.27
8.45
8.40
8.38
8.42
8.48
8.41
8.41
10.06
8.18
8.47
8.39
8.44
8.43
8.61
8.41
8.52
8.43
15.01
7.92
8.36
8.38
8.40
8.36
8.41
8.44
8.43
8.46
8.36
8.34
8.39
8.36
8.42
8.48
8.39
8.43
8.43
8.42
8.44
8.40
8.44
8.36
8.42
8.36
8.48
8.39
8.49
8.51
8.37
8.46
8.40
8.40
8.36
8.40
8.40
8.38
8.42
8.42
8.50
8.41
8.27
8.38
8.48
8.33
8.49
13.65
7.75
8.36
8.31
8.40
8.40
8.36
8.39
8.43
8.42
8.39
8.35
8.47
8.42
8.35
8.40
8.43
8.50
8.42
8.43
8.45
8.46
8.39
8.49
8.39
8.45
8.44
8.26
8.41
8.35
8.50
8.30
8.43
8.38
8.32
8.37
8.38
8.43
8.44
8.40
8.33
8.33
8.33
8.44
8.28
8.38
8.44
8.43
8.37
8.42
8.48
8.42
8.33
8.36
8.42
8.36
8.45
8.47
8.49
8.45
8.38
8.41
8.46
8.53
6.94
8.57
8.36
8.33
8.39
8.43
12.49
8.40
8.40
8.34
8.85
8.50
8.41
8.41
8.36
8.38
8.37
8.35
8.38
8.47
8.34
8.41
8.33
8.32
8.31
8.38
8.42
8.40
8.45
8.37
8.41
8.44
8.40
8.44
8.42
8.40
8.45
8.42
8.45
8.32
8.41
8.28
8.45
8.41
8.41
8.44
8.47
8.38
8.42
8.45
8.39
8.37
8.35
8.31
8.41
8.40
8.40
8.40
8.39
8.35
8.46
8.39
8.48
8.45
8.43
8.45
8.39
8.43
8.37
8.46
8.36
8.34
3.97
8.50
8.43
8.37
8.42
8.40
8.43
8.37
8.38
8.45
8.41
8.42
8.41
8.39
8.39
8.42
8.30
9.42
8.25
8.42
9.23
8.13
9.58
9.80
8.48
10.85
8.15
8.13
9.53
3.95
8.13
7.89
9.58
8.26
8.43
8.34
8.43
8.47
8.40
8.43
8.40
8.34
8.35
9.05
16.55
7.57
8.56
8.30
8.37
8.21
8.03
7.21
6.51
7.75
8.60
8.43
8.43
8.40
9.65
9.28
9.07
8.63
11.35
8.74
6.68
8.33
8.37
8.39
8.73
8.19
9.95
7.64
9.00
8.76
8.48
8.42
8.43
7.34
8.64
9.90
8.28
8.42
8.35
8.38
8.00
8.09
7.11
8.97
8.64
8.33
8.42
11.36
8.21
8.81
8.49
8.37
5.62
8.76
8.10
8.28
8.47
9.10
9.43
8.48
8.25
8.41
12.03
8.43
5.14
8.46
8.42
8.23
8.42
8.22
8.43
8.47
7.29
8.42
6.93
8.68
8.45
8.90
8.11
8.35
8.36
8.32
8.43
8.37
8.36
8.45
8.39
8.32
8.37
8.35
8.41
8.29
8.46
8.35
8.36
8.42
8.47
8.39
8.45
9.20
9.33
14.34
7.87
8.38
8.35
8.40
8.40
8.45
8.43
8.50
11.36
7.56
3.96
8.66
8.46
8.43
8.20
8.30
8.09
8.35
9.10
8.45
8.41
8.49
8.37
9.13
8.58
7.89
8.39
7.94
8.59
9.47
8.15
8.37
8.21
8.46
8.38
8.42
7.64
8.41
12.13
8.58
9.54
8.50
7.07
8.50
8.46
8.17
8.47
8.26
8.49
8.35
8.70
8.35
8.43
8.63
8.25
8.39
8.22
8.47
9.08
8.34
8.46
8.26
8.83
8.33
8.43
8.41
8.29
8.36
8.36
8.37
8.45
8.37
8.38
8.50
8.39
8.42
8.39
8.43
8.44
8.35
8.41
8.44
8.39
8.38
8.34
8.40
14.37
8.01
7.84
10.80
8.34
8.35
8.50
8.41
8.42
8.32
8.47
8.34
8.37
8.40
8.35
8.42
8.36
8.32
8.37
8.41
8.37
8.42
8.38
8.38
8.40
8.39
8.50
8.43
8.46
8.42
8.39
8.36
8.43
8.46
8.39
8.43
8.44
7.90
8.42
7.82
8.32
8.59
8.72
8.51
7.39
8.32
8.53
8.28
8.38
8.42
8.50
8.31
8.31
8.49
9.35
8.22
6.92
8.08
8.39
9.29
8.28
8.52
8.45
8.39
8.40
8.41
8.40
8.42
8.41
8.33
8.38
7.42
8.36
8.39
8.07
8.14
8.42
10.33
8.81
8.43
11.02
8.02
8.12
6.99
10.39
7.98
10.02
8.45
14.10
8.96
8.39
8.40
8.46
8.47
5.87
8.13
8.51
7.36
8.51
8.53
11.96
8.39
8.40
11.57
10.12
7.91
7.80
5.73
8.42
5.51
8.98
8.53
8.41
10.02
8.37
8.50
8.43
8.37
5.79
8.80
8.33
13.20
7.92
8.48
7.84
8.29
8.44
8.83
9.16
8.28
8.28
9.83
8.73
12.12
8.03
8.33
8.30
7.93
8.37
8.41
8.53
8.42
8.49
8.46
8.41
7.44
8.57
8.45
4.68
8.42
8.40
3.34
8.64
8.51
8.39
4.63
8.55
8.03
11.52
7.10
8.36
4.72
8.49
8.53
7.31
8.32
8.44
8.40
8.43
8.45
8.43
9.17
8.35
8.44
2.88
8.48
8.42
8.53
8.81
8.40
8.31
3.46
7.81
8.29
7.00
8.45
8.29
13.80
7.90
8.40
7.98
7.98
8.33
8.33
9.55
8.27
8.37
7.78
8.31
8.41
4.54
8.77
8.41
8.37
8.06
8.39
8.33
13.17
8.16
8.10
7.92
8.17
8.45
3.77
8.78
8.36
6.23
8.37
8.42
8.39
8.40
8.34
8.43
8.45
8.34
8.36
8.44
8.38
8.53
8.40
8.43
8.45
8.37
8.39
8.34
8.36
8.69
8.41
8.46
9.42
8.31
8.39
6.86
8.33
8.39
2.83
8.27
8.34
8.42
6.72
8.59
8.38
7.98
8.70
8.40
7.19
8.56
8.48
10.81
8.38
8.44
8.45
9.41
8.54
8.40
7.89
8.39
8.38
3.64
8.57
8.41
12.80
8.40
8.41
9.86
8.87
8.59
10.16
9.72
8.20
3.23
8.93
8.28
5.73
8.75
8.32
11.87
7.95
8.43
8.42
7.68
8.46
8.43
8.82
8.43
8.33
5.95
8.41
8.35
8.41
7.87
8.29
8.52
8.48
7.09
8.69
9.28
8.31
8.38
6.08
8.51
8.36
8.31
9.01
8.42
8.26
7.87
8.48
8.37
8.35
8.39
8.44
10.54
8.44
8.41
2.88
9.05
8.92
4.08
9.89
8.16
11.99
8.40
8.32
11.84
8.16
8.44
12.21
7.96
8.51
4.05
8.13
8.35
8.38
9.76
8.46
8.47
6.55
8.65
8.36
8.27
7.93
8.45
9.86
9.18
8.42
11.87
8.07
8.58
10.08
8.32
8.41
7.23
8.62
8.33
7.73
8.80
8.40
7.10
8.66
8.34
8.35
7.21
8.33
6.70
8.22
6.40
7.87
8.70
8.69
5.19
8.05
8.45
8.42
9.21
8.39
8.46
10.92
8.29
8.35
13.90
7.87
8.44
14.49
8.44
8.52
7.62
8.16
8.34
8.40
11.26
6.95
8.32
7.45
7.10
8.11
6.64
8.32
8.37
5.52
8.71
8.42
8.26
7.45
8.50
8.35
8.04
8.48
8.32
9.75
8.38
8.42
11.79
8.37
8.44
5.08
5.94
8.71
7.42
6.64
8.18
3.68
8.92
8.41
8.36
9.19
8.42
8.43
8.33
8.30
8.47
8.34
8.41
8.42
8.41
8.37
8.30
8.40
8.45
8.44
8.39
8.35
8.46
8.55
8.42
8.38
8.31
8.43
7.72
8.45
8.38
13.02
8.31
8.37
8.19
7.93
8.45
7.89
8.14
8.27
8.41
5.71
8.46
8.41
8.44
8.55
8.44
9.01
8.53
8.32
11.72
8.23
8.48
3.71
8.07
8.50
10.62
8.54
8.38
5.31
8.31
8.36
10.06
8.42
8.37
8.26
8.38
8.38
8.31
8.27
8.40
8.42
7.31
8.61
8.46
8.80
8.56
8.36
7.51
8.29
8.43
7.49
8.49
8.33
10.51
8.48
16.74
8.36
8.32
5.40
7.64
8.07
8.40
6.92
8.39
8.39
8.38
8.42
8.40
8.29
8.38
8.48
8.47
8.47
8.31
8.46
8.47
8.39
8.39
8.37
8.41
8.36
8.34
8.44
8.36
8.34
8.44
8.40
8.28
8.38
8.38
8.42
8.44
8.46
8.43
9.24
8.31
8.36
9.72
8.40
8.42
7.72
8.34
8.47
9.07
8.28
8.43
12.34
8.40
8.43
7.19
8.28
8.36
7.30
8.70
8.45
8.42
9.53
8.40
8.31
7.48
8.42
8.42
9.63
8.45
8.38
9.51
8.32
8.37
8.45
8.34
8.43
3.00
8.71
8.21
8.90
7.79
8.39
8.36
9.21
8.35
7.17
8.47
8.36
8.04
8.14
8.42
8.45
8.41
7.91
6.18
5.23
8.79
16.59
8.08
8.51
12.44
7.78
8.49
7.00
8.81
8.34
8.42
11.46
8.25
8.38
8.01
8.41
8.29
8.30
8.37
8.37
7.96
7.49
6.56
8.15
7.93
9.29
8.30
8.44
9.96
8.42
8.36
6.47
8.52
8.50
12.02
8.41
8.43
8.42
8.36
8.40
8.38
8.44
8.46
8.33
8.41
8.35
8.42
8.31
8.36
8.44
8.46
8.37
8.37
8.44
8.46
8.45
8.36
8.31
8.45
8.35
8.44
8.39
8.31
8.41
8.40
8.31
8.38
8.39
8.35
8.36
8.47
8.47
8.38
8.40
8.41
8.21
8.04
8.49
8.31
7.72
8.53
8.43
9.36
8.48
8.38
6.57
8.51
8.22
8.36
8.37
8.50
8.88
8.43
8.45
6.10
8.58
8.36
8.07
8.31
8.39
7.48
8.50
10.03
8.36
8.35
8.38
6.96
8.52
3.87
9.04
8.11
14.09
7.94
8.47
7.49
8.18
8.43
16.21
7.19
8.46
14.37
7.89
8.34
8.40
8.43
8.30
8.42
8.44
8.28
8.47
8.39
8.46
8.31
8.33
8.37
8.42
8.35
8.40
8.43
8.36
8.34
8.48
8.50
8.40
8.40
8.34
8.46
8.47
8.44
8.41
8.36
8.38
8.45
8.49
8.41
8.39
8.49
8.36
8.09
8.45
8.34
9.47
8.39
8.09
8.09
8.40
8.31
8.98
8.38
8.41
9.35
8.33
8.36
10.13
7.93
8.44
13.93
8.16
8.38
8.01
8.53
8.32
9.72
8.36
8.38
9.20
8.44
7.82
7.50
8.29
3.77
14.01
7.86
8.38
9.67
8.34
13.18
7.91
8.44
8.41
6.90
8.56
8.30
8.38
8.35
8.34
8.40
8.41
8.41
8.33
8.36
8.41
8.43
8.32
8.46
8.45
8.43
8.48
8.38
8.51
8.44
8.31
8.41
8.38
8.40
8.44
8.43
8.42
8.42
8.45
8.33
8.42
8.38
8.47
8.31
8.38
8.40
8.40
8.39
8.37
8.39
8.42
3.81
8.95
8.36
9.27
9.15
8.40
8.39
9.40
8.43
8.40
6.70
8.67
8.35
4.23
8.97
8.42
4.45
8.89
8.42
5.05
9.00
8.37
8.40
7.30
8.60
8.37
5.94
8.47
8.34
8.53
8.27
8.47
7.25
8.14
8.35
9.50
8.13
8.14
7.71
8.54
8.22
8.48
8.26
7.29
8.35
8.66
8.34
5.40
7.84
7.50
8.60
8.36
8.46
8.44
6.91
8.55
8.46
4.27
8.39
8.45
6.36
8.21
8.33
5.95
8.29
8.32
10.24
7.93
8.36
6.23
8.22
8.43
6.65
8.61
8.36
8.44
8.62
8.43
7.13
7.84
8.47
9.23
8.03
8.43
6.64
8.40
8.40
5.42
8.49
8.41
4.13
8.83
8.41
8.38
8.38
8.37
8.42
8.45
8.43
8.41
8.45
8.48
8.39
8.40
8.41
8.47
8.42
8.32
8.39
8.38
8.39
8.41
8.40
7.20
8.37
8.44
8.38
3.03
7.88
8.46
8.32
8.35
2.62
8.76
8.38
6.23
8.50
8.43
6.68
8.34
8.43
8.49
8.39
8.46
9.02
8.36
8.34
8.39
8.32
8.40
9.95
8.43
8.41
8.42
8.41
4.74
8.68
8.30
8.52
8.38
8.41
2.20
9.13
8.50
8.36
8.42
9.15
8.40
7.26
8.50
8.51
10.18
8.18
8.38
15.59
8.12
8.34
8.45
8.42
8.38
9.12
6.71
8.54
8.39
10.94
8.11
8.50
8.38
8.31
8.40
8.37
8.38
8.38
8.43
8.35
8.33
10.88
8.34
8.48
8.22
8.62
9.69
8.49
8.42
8.37
8.44
8.38
8.41
5.76
8.29
8.30
8.41
8.35
7.74
8.54
8.31
8.37
8.39
8.65
8.43
8.39
8.44
8.32
8.41
8.49
8.44
8.34
8.52
8.42
3.59
6.33
8.54
8.38
8.37
8.47
8.48
8.43
8.36
8.39
8.46
8.49
14.73
7.82
8.42
8.45
8.33
8.42
8.37
8.40
8.38
8.37
13.24
8.33
8.38
8.38
8.44
8.37
8.39
8.43
8.35
8.37
8.39
8.38
8.47
7.43
8.54
8.41
8.49
8.39
8.40
8.41
8.29
8.36
8.41
8.32
4.38
8.32
8.38
8.27
8.39
8.36
8.34
8.33
8.35
8.40
8.45
8.36
7.83
8.46
8.39
8.45
8.50
8.49
8.40
8.39
8.39
8.33
8.42
8.39
8.42
8.37
8.41
8.41
8.39
8.28
8.34
8.39
8.43
8.33
8.35
8.47
8.42
8.42
8.42
8.39
8.36
8.38
8.43
8.39
8.50
8.38
8.35
8.45
8.41
8.44
8.41
8.41
8.37
8.41
8.45
8.37
8.43
8.35
8.43
8.41
8.41
8.41
8.45
8.38
8.44
8.35
8.37
10.77
7.95
8.47
7.69
8.20
8.46
3.15
8.59
8.41
9.17
11.68
8.48
8.44
8.41
9.07
8.35
8.31
7.20
8.30
8.38
9.05
8.36
8.43
7.40
8.33
8.39
8.98
8.38
8.42
9.25
8.39
8.43
8.45
8.33
8.38
8.46
8.37
8.40
8.41
8.38
8.44
8.43
8.47
8.43
8.41
8.42
8.38
8.41
8.41
8.41
8.45
8.37
8.43
8.35
8.38
8.48
8.33
8.39
8.44
8.53
8.44
8.49
8.45
8.48
8.43
8.42
8.32
8.49
8.28
8.37
8.41
8.38
8.27
8.31
8.33
8.36
8.63
8.35
8.34
8.40
5.99
8.43
9.42
8.34
7.58
8.48
8.63
6.64
8.97
11.85
8.71
8.47
8.46
8.36
8.37
8.45
8.45
8.42
8.36
8.41
8.46
8.33
8.40
8.37
8.39
8.43
8.36
8.39
8.49
8.42
8.39
8.44
8.37
8.49
8.47
8.42
8.34
8.43
8.40
8.33
8.39
8.45
8.41
8.45
8.38
8.36
8.33
8.50
8.41
8.34
8.31
8.42
8.37
8.28
8.40
8.42
8.43
3.71
5.91
7.28
8.24
8.68
8.25
8.42
8.36
8.42
8.45
8.43
8.37
8.38
8.36
8.44
8.37
8.35
8.39
6.81
8.46
8.45
8.45
6.08
8.27
7.71
12.72
7.75
8.26
9.63
8.42
8.30
5.14
8.56
8.35
5.31
8.51
8.43
14.03
8.14
8.41
7.73
8.67
8.27
7.02
8.19
8.39
15.45
8.03
8.43
11.00
8.45
8.32
11.32
8.26
8.50
10.19
8.28
8.44
8.58
8.50
8.43
7.74
8.54
8.48
7.47
8.66
8.26
7.70
8.49
7.55
7.67
8.27
13.88
8.25
8.43
15.39
8.28
8.34
8.39
8.24
8.43
8.41
8.42
8.39
8.41
8.47
8.44
8.39
8.45
8.42
8.41
8.39
8.41
8.43
8.34
8.38
8.40
8.38
8.44
8.34
8.39
8.39
8.39
8.29
8.39
8.39
8.38
8.41
8.40
8.47
8.39
8.44
8.51
8.45
8.36
8.43
8.35
8.39
8.34
8.32
8.43
8.30
8.53
8.43
8.39
8.38
8.38
8.38
8.44
8.39
8.47
8.46
8.38
5.66
8.58
8.40
8.40
8.39
8.40
8.40
8.33
8.40
8.39
8.35
8.40
10.07
8.33
8.36
8.40
8.33
8.33
8.40
8.30
8.39
8.45
8.42
8.39
8.34
8.41
8.41
8.39
8.48
8.35
8.41
8.27
8.39
8.44
8.37
8.35
8.37
8.39
8.40
8.43
8.48
8.38
8.44